2.000000
2.000000
2.000000
2.000000
2.000000
2.000000
2.000000
2.000000
2.000000
2.000000
2.000000
2.000000
2.000000
2.000000
2.000000
2.000000
2.000000
2.000000
2.000000
1.836136
1.670241
1.508437
1.351615
1.200998
1.126715
1.043629
0.965143
0.900499
0.849918
0.817535
0.805500
0.810820
2.000000
2.000000
2.000000
2.000000
1.980140
1.956600
1.930613
1.902936
1.906540
2.000000
2.000000
2.000000
2.000000
2.000000
2.000000
2.000000
2.000000
2.000000
2.000000
2.000000
2.000000
2.000000
2.000000
2.000000
2.000000
2.000000
2.000000
2.000000
2.000000
2.000000
2.000000
2.000000
2.000000
2.000000
2.000000
1.495425
1.590654
1.737534
1.881701
2.000000
2.000000
2.000000
2.000000
2.000000
2.000000
2.000000
2.000000
2.000000
2.000000
2.000000
2.000000
2.000000
2.000000
2.000000
2.000000
2.000000
2.000000
2.000000
2.000000
2.000000
2.000000
2.000000
2.000000
2.000000
2.000000
2.000000
2.000000
2.000000
2.000000
2.000000
2.000000
2.000000
2.000000
2.000000
2.000000
2.000000
2.000000
2.000000
2.000000
2.000000
2.000000
2.000000
2.000000
2.000000
2.000000
2.000000
2.000000
2.000000
2.000000
2.000000
2.000000
2.000000
2.000000
2.000000
2.000000
2.000000
2.000000
2.000000
2.000000
2.000000
2.000000
2.000000
2.000000
2.000000
2.000000
2.000000
