0.002000
0.006000
0.010000
0.013999
0.017998
0.021997
0.025997
0.029997
0.033998
0.037998
0.041998
0.045998
0.049998
0.054000
0.058000
0.061999
0.065999
0.069996
0.073993
0.077995
0.081995
0.085996
0.089997
0.093997
0.097997
0.099998
0.099998
0.099999
0.099999
0.099999
0.099999
0.099999
0.100000
0.100000
0.100000
0.100000
0.100000
0.100000
0.100000
0.100000
0.100000
0.100000
0.100000
0.100000
0.100000
0.100000
0.100000
0.100000
0.100000
0.100000
0.100000
0.100000
0.100000
0.100000
0.100000
0.100000
0.100000
0.100000
0.100000
0.100000
0.100000
0.100000
0.100000
0.100000
0.100000
0.100000
0.100000
0.100000
0.100000
0.100000
0.100000
0.100000
0.100000
0.100000
0.100000
0.100000
0.099999
0.099999
0.099999
0.099999
0.050000
0.002000
0.006000
0.010000
0.013999
0.017998
0.021996
0.025993
0.029992
0.033993
0.037995
0.041997
0.045999
0.049999
0.054000
0.058000
0.061999
0.066000
0.070000
0.073999
0.078000
0.082000
0.085999
0.090000
0.093998
0.097995
0.099990
0.099984
0.099976
0.099984
0.099990
0.099995
0.099998
0.099999
0.100000
0.099999
0.099995
0.099992
0.099996
0.099999
0.100000
0.100000
0.100000
0.099998
0.100000
0.100000
0.100000
0.099999
0.099998
0.099999
0.100000
0.100000
0.099999
0.099999
0.100001
0.099999
0.099999
0.100000
0.100000
0.100001
0.099999
0.100000
0.099999
0.100000
0.100000
0.100000
0.099999
0.099999
0.100000
0.099998
0.099993
0.099990
0.099994
0.099997
0.100000
0.099998
0.099994
0.099990
0.099986
0.099984
0.099981
0.050000
0.002001
0.006000
0.010000
0.013999
0.018000
0.022000
0.026000
0.029998
0.033999
0.018000
0.002000
0.006000
0.010000
0.014000
0.018000
0.022000
0.025999
0.029999
0.033998
0.018000
0.002000
0.006000
0.010000
0.014000
0.018000
0.022000
0.025999
0.029999
0.033998
0.018000
0.002000
0.006000
0.010000
0.014000
0.018000
0.021999
0.026000
0.029999
0.033999
0.018000
0.002000
0.006000
0.010000
0.013999
0.018001
0.022000
0.026000
0.029999
0.033999
0.018000
0.000000
0.002000
0.006000
0.010000
0.014000
0.018000
0.022000
0.026000
0.029999
0.016000
0.000000
0.002000
0.006000
0.010000
0.014000
0.018000
0.022000
0.025999
0.029999
0.016000
0.000000
0.002000
0.006000
0.010000
0.014000
0.018000
0.022000
0.026000
0.030000
0.016000
0.000000
0.002000
0.006000
0.010000
0.014000
0.018000
0.022000
0.026000
0.030000
0.016000
0.000000
0.000000
0.002000
0.006000
0.010000
0.014000
0.018000
0.022000
0.025999
0.014000
0.000000
0.000000
0.002000
0.006000
0.010000
0.014000
0.017999
0.022000
0.026000
0.014000
0.000000
0.002000
0.006000
0.010000
0.014000
0.018000
0.022000
0.026000
0.030000
0.016000
0.000000
0.002000
0.006000
0.009999
0.014000
0.018000
0.022000
0.026000
0.029999
0.016000
0.000000
0.002000
0.006000
0.010000
0.014000
0.018001
0.022000
0.026000
0.030000
0.015999
0.000000
0.002001
0.005999
0.010000
0.014000
0.018000
0.022000
0.026000
0.030000
0.016000
0.000000
0.002000
0.006000
0.010000
0.013999
0.018000
0.022000
0.026000
0.030000
0.016000
0.002000
0.006001
0.010000
0.014000
0.018000
0.021999
0.026000
0.030000
0.034000
0.038000
0.042000
0.045999
0.049997
0.053993
0.057995
0.061997
0.065998
0.069998
0.073999
0.078000
0.081998
0.085994
0.089992
0.093994
0.097994
0.099995
0.099995
0.099996
0.099997
0.099998
0.099999
0.099999
0.100000
0.100000
0.100000
0.100000
0.100001
0.100000
0.099999
0.100000
0.100001
0.099999
0.100000
0.100000
0.100000
0.100000
0.100000
0.100000
0.100000
0.100000
0.100000
0.100000
0.100000
0.100000
0.100000
0.100000
0.100000
0.100000
0.100000
0.100000
0.100000
0.100000
0.100000
0.100000
0.099999
0.099999
