0.002000
0.006000
0.010000
0.013999
0.017998
0.021998
0.025999
0.029998
0.033998
0.037998
0.041998
0.045998
0.049998
0.053999
0.057996
0.061993
0.065994
0.069995
0.073997
0.077997
0.081999
0.085999
0.090000
0.046000
0.002000
0.004000
0.002000
0.000000
0.000000
0.000000
0.000000
0.000000
0.002000
0.006000
0.010000
0.014000
0.018000
0.022000
0.025999
0.029998
0.033996
0.037997
0.041998
0.045999
0.049999
0.054000
0.058000
0.062000
0.066000
0.070000
0.074000
0.077998
0.081995
0.085990
0.089988
0.093987
0.097984
0.101982
0.105978
0.109975
0.113980
0.117983
0.119985
0.119988
0.119989
0.119992
0.119993
0.060000
0.002000
0.006000
0.010000
0.013999
0.017998
0.021998
0.025998
0.029999
0.033998
0.037999
0.041999
0.045999
0.050000
0.054000
0.057999
0.061997
0.065993
0.069990
0.073991
0.077991
0.081993
0.085994
0.089994
0.093997
0.097999
0.101998
0.105997
0.109997
0.113997
0.117998
0.119998
0.119998
0.119999
0.119999
0.119999
0.119999
0.119999
0.119999
0.120000
0.120000
0.120000
0.120000
0.120000
0.120000
0.120000
0.120000
0.120000
0.120000
0.120000
0.120000
0.120000
0.119999
0.119997
0.119995
0.119996
0.119997
0.119998
0.119998
0.119998
0.119999
0.119999
0.119999
0.119999
0.119999
0.119999
0.119999
0.119999
0.119999
0.119999
0.119999
